111111111111111111111311111111
100000000000000000000000000001
100000000000000000000000000001
100000000000000000000000000001
100000000000000000000000000001
100000000000000000000000000001
100000000000000000000000000001
100000000000000000000000000001
100000000000000000000000000001
100000000000000000000000000001
100000000000000000000000000001
100000000000000000000000000001
100000000000000000000000000001
111111100000000000000000000001
100000111110000000000000000001
100000000011100000000000000001
100000000000000000000000000001
100000000000000000000000000001
100000011000000000010000000001
100000000000000000000000000001
100000000000000000000000000001
100000000000000000000000000001
100000000010000000000000000001
100000000010000000000000000001
100000000010000000000000000001
100000000010000000000000000001
200000000010000000000000000001
100000000000000000000000000001
100000000000000000000000000001
111111111111111111111111111111